200259 22.9558595105 -999.0 1010.36713222 -999.0
200200 22.965544354 -999.0 1010.3262743 -999.0
200201 22.967965565 22.9 1010.35373229 29.7
200203 22.974018593 22.9 1010.35055321 29.7
200204 22.967965565 -999.0 1010.32017199 -999.0
200205 22.965544354 -999.0 1010.35312244 -999.0
200207 22.9734132902 22.9 1010.34620569 29.8
200208 22.9728079874 22.9 1010.31165369 29.9
200209 22.9806769243 22.9 1010.32520317 29.7
200211 22.965544354 -999.0 1010.34976642 -999.0
200212 22.9643337485 -999.0 1010.31422339 -999.0
200213 22.9746238958 22.9 1010.37536764 29.7
200215 22.9764398043 22.9 1010.34142523 29.7
200216 22.965544354 -999.0 1010.28935816 -999.0
200217 22.9788610157 22.9 1010.37223975 29.4
200219 22.9728079874 -999.0 1010.35192635 -999.0
200220 22.9758345015 -999.0 1010.3639263 -999.0
200221 22.9764398043 23.0 1010.331357 29.8
200223 22.9830981358 22.9 1010.31910056 29.9
200224 22.965544354 -999.0 1010.26922209 -999.0
200225 23.0091261641 22.9 1010.31606646 29.7
200227 22.9830981358 22.9 1010.30232002 29.4
200228 22.9764398043 22.9 1010.31122056 29.7
200229 22.9728079874 -999.0 1010.30494159 -999.0
200231 22.9758345015 -999.0 1010.3270095 -999.0
200232 22.9758345015 22.9 1010.3270095 29.7
200233 22.9794663185 22.9 1010.27590463 30.0
200235 22.9812822271 22.9 1010.35304341 29.8
200236 23.0127579826 22.9 1010.3022077 29.6
200237 22.9715973818 23.0 1010.29289063 29.9
200239 22.9649390512 -999.0 1010.32863887 -999.0
200240 22.9673602623 -999.0 1010.33260466 -999.0
200241 22.9752291986 22.9 1010.33944234 29.6
200243 22.98188753 23.0 1010.39766429 29.7
200244 22.9794663185 23.0 1010.32288984 29.7
200245 22.9715973818 -999.0 1010.32309504 -999.0
200247 22.9728079874 -999.0 1010.31165369 -999.0
200248 22.9770451071 23.0 1010.33234844 29.4
200249 22.9812822271 22.9 1010.306058 29.6
200251 22.9794663185 22.9 1010.32624593 29.6
200252 22.9734132902 -999.0 1010.32271329 -999.0
200253 22.97765041 -999.0 1010.3299838 -999.0
200255 22.9861246503 23.0 1010.35426281 29.9
200256 22.9903617707 -999.0 1010.32461581 -999.0
200257 23.0218375298 23.0 1010.3409031 29.4
200259 22.9867299532 22.9 1010.33209182 29.8
200200 23.0230481362 23.0 1010.27608995 29.8
200201 22.9909670737 22.9 1010.33567569 29.6
200203 22.9915723766 23.0 1010.3534479 29.8
200204 22.9873352561 -999.0 1010.29952194 -999.0
200205 22.9843087416 -999.0 1010.30765894 -999.0
200207 22.9843087416 -999.0 1010.30765894 -999.0
200208 23.0067049518 -999.0 1010.29867595 -999.0
200834 22.9891511649 -999.0 1010.32934526 -999.0
200835 22.9800716214 -999.0 1010.30374472 -999.0
200837 22.9782557128 -999.0 1010.28063402 -999.0
200838 22.9897564678 -999.0 1010.33704897 -999.0
200839 22.9861246503 -999.0 1010.29049643 -999.0
200841 22.9830981358 -999.0 1010.31574445 -999.0
200842 22.9867299532 -999.0 1010.30188667 -999.0
200843 22.9994413154 22.9 1010.3334357 29.6
200845 22.9982307093 22.9 1010.30427288 29.6
200846 22.9843087416 -999.0 1010.2673856 -999.0
200847 22.987940559 -999.0 1010.31058173 -999.0
200849 23.0042837396 -999.0 1010.33465463 -999.0
200850 22.9994413154 -999.0 1010.3334357 -999.0
200851 22.9897564678 -999.0 1010.33704897 -999.0
200853 22.9958094974 -999.0 1010.27010176 -999.0
200854 22.9988360123 -999.0 1010.3223757 -999.0
200855 23.0054943457 22.9 1010.31347433 29.6
200857 22.9964148004 22.9 1010.28451782 29.6
200858 23.0067049518 23.0 1010.3322383 29.7
200859 23.0418125371 22.9 1010.34137742 29.6
200901 23.0012572244 -999.0 1010.33640997 -999.0
200902 23.0000466184 -999.0 1010.31093372 -999.0
200903 22.9982307093 -999.0 1010.34119097 -999.0
200905 22.9945988914 -999.0 1010.28825603 -999.0
200906 23.0060996487 22.9 1010.31782196 29.6
200907 23.0073102549 -999.0 1010.32316099 -999.0
200909 22.9939935885 -999.0 1010.27719616 -999.0
200910 22.9964148004 -999.0 1010.33150432 -999.0
200911 23.0036784365 -999.0 1010.3135259 -999.0
200913 23.0079155579 22.9 1010.31408367 29.8
200914 23.0399966271 22.9 1010.33471637 29.8
200915 23.0030731335 -999.0 1010.33602801 -999.0
200917 23.0399966271 22.9 1010.31122148 29.8
200918 23.0036784365 23.0 1010.35380054 29.8
200919 23.0030731335 22.9 1010.33602801 29.5
200921 22.9849140445 -999.0 1010.29522588 -999.0
200922 22.987940559 -999.0 1010.27030816 -999.0
200923 22.9988360123 -999.0 1010.29552616 -999.0
200925 23.0127579826 -999.0 1010.30892023 -999.0
200926 23.014573892 22.9 1010.32196322 29.8
200927 23.0466549639 -999.0 1010.31574406 -999.0
200929 23.0121526795 23.0 1010.3314227 31.3
200930 23.0109420733 23.0 1010.3630025 32.2
200931 23.0054943457 -999.0 1010.31683056 -999.0
